7
38
843626347 654805839 692697301 733965286 0 749654053 476483737 912642052 515209975 742438121 0 811953298 810132420 590224440 100288876 536789489 41151527 475221077 324667638 414975076 745761103 508013991 0 115437204 697450355 0 572691066 754282509 210754123 735433522 383265542 610449342 911258005 46760300 467815404 568058493 924403089 106866651
42
0 0 0 0 0 0 0 0 0 119658444 0 0 0 604411546 0 0 0 0 0 0 0 0 0 0 0 0 0 859359888 0 0 0 0 412061046 0 0 0 0 0 0 0 0 0
5
3 3 3 0 0
6
0 3 3 0 0 3
7
1 2 3 0 4 5 0
7
1 2 5 0 4 3 0
5
3 1 0 0 4
